00000000000000000000000000000000
00000000000000000000000000000000
00000000000000000000000000000000
00000000000000000000000000000000
00000000000011000000000000000000
00000000000100000000000000000000
00000000001011101101000000000000
00000000010111101101000000000000
00000000111110101101000000000000
00000000101101101101000000000000
00000001111011101101000000000000
00000001011110101101000000000000
00000011111110101101000000000000
00000010110100101101000000000000
00000111110100101101000000000000
00000101101000101101000111110000
00001111111000111111111000000000
00001011010000001100000111110100
00010110000111111111111111111100
00101111111111111111111111000000
00101111111111000110000000110000
00000000000000011111111100000000
00001111111111010110100000000000
00000000000000010110100000000000
00000000000000010110100000000000
00000000000000010110100000000000
00000000000000010110100000000000
00000000000000010110100000000000
00000000000000000000000000000000
00000000000000000110000000000000
00000000000000000000000000000000
00000000000000000000000000000000
